##########
# Part2h #
##########
P <- matrix(c(1/2,0,1/5,1/2,1/2,0,0,1/2,4/5), 3, 3)
P
d <- c(1,0,0)
d <- d %*% P
d
